1 0.0328125 0.55 0.065625 0.28125
1 0.05625 0.878125 0.1125 0.2375
1 0.059375 0.303125 0.11875 0.2
1 0.0703125 0.14375 0.128125 0.1375
1 0.1 0.634375 0.1875 0.2625
1 0.1171875 0.4 0.140625 0.20625
1 0.128125 0.1421875 0.075 0.134375
1 0.175 0.3625 0.14375 0.2625
1 0.2328125 0.78125 0.228125 0.3625
1 0.196875 0.153125 0.125 0.1625
1 0.30625 0.3703125 0.15625 0.215625
1 0.3015625 0.4875 0.140625 0.225
1 0.371875 0.159375 0.2125 0.23125
1 0.40625 0.81875 0.18125 0.3125
1 0.434375 0.446875 0.125 0.2
1 0.54375 0.1453125 0.1125 0.121875
1 0.575 0.8671875 0.175 0.259375
1 0.5796875 0.603125 0.165625 0.24375
1 0.6390625 0.1140625 0.128125 0.140625
1 0.7109375 0.521875 0.171875 0.2625
1 0.76875 0.846875 0.2 0.3
1 0.7421875 0.128125 0.121875 0.1375
1 0.7890625 0.3015625 0.203125 0.215625
1 0.884375 0.478125 0.23125 0.29375
1 0.821875 0.1171875 0.1 0.165625
1 0.871875 0.1296875 0.16875 0.171875