1 0.61875 0.734375 0.2 0.275
1 0.08125 0.4734375 0.1625 0.278125
1 0.103125 0.746875 0.20625 0.28125
1 0.096875 0.2328125 0.16875 0.234375
1 0.253125 0.26875 0.19375 0.24375
1 0.2625 0.7796875 0.1875 0.196875
1 0.28125 0.5265625 0.21875 0.284375
1 0.4 0.2765625 0.15625 0.221875
1 0.453125 0.7375 0.14375 0.2125
1 0.4765625 0.4921875 0.128125 0.215625
1 0.55625 0.2375 0.1875 0.2375
1 0.63125 0.484375 0.19375 0.24375
1 0.7359375 0.2328125 0.171875 0.240625
1 0.775 0.7453125 0.14375 0.234375
1 0.8125 0.4828125 0.2 0.284375
1 0.865625 0.2390625 0.1125 0.215625
1 0.9296875 0.75 0.134375 0.23125
1 0.95 0.5 0.09375 0.25
1 0.953125 0.253125 0.0875 0.28125