11 0.1359375 0.1625 0.21875 0.271875
11 0.378125 0.165625 0.21875 0.27421875
11 0.621875 0.1625 0.21875 0.27890625
11 0.86484375 0.15234375 0.21640625 0.2875
11 0.82890625 0.47265625 0.209375 0.275
11 0.60078125 0.47265625 0.20234375 0.26796875
11 0.36796875 0.47265625 0.1984375 0.27265625
11 0.1328125 0.471875 0.2109375 0.2703125
11 0.1359375 0.80546875 0.21484375 0.303125
11 0.37734375 0.7984375 0.209375 0.30078125
11 0.62109375 0.8015625 0.209375 0.30078125
11 0.8640625 0.7984375 0.21875 0.303125