11 0.93359375 0.63359375 0.0640625 0.0171875
11 0.8609375 0.68828125 0.07578125 0.06328125
11 0.66171875 0.69453125 0.0484375 0.06328125
11 0.4859375 0.66796875 0.078125 0.06484375
11 0.40859375 0.61640625 0.0609375 0.034375
11 0.4546875 0.58359375 0.0484375 0.02421875
11 0.53515625 0.5578125 0.03984375 0.015625
11 0.784375 0.5671875 0.05078125 0.0234375
11 0.89609375 0.59140625 0.0640625 0.0171875
11 0.77109375 0.3453125 0.04765625 0.1203125
11 0.73125 0.3484375 0.025 0.1125
11 0.08984375 0.51953125 0.04453125 0.02578125
11 0.0578125 0.50703125 0.0453125 0.03359375
11 0.02578125 0.5 0.034375 0.0390625