14 0.875 0.16933638443935928 0.2125 0.2951945080091533
14 0.6234375 0.15789473684210525 0.2109375 0.2997711670480549
14 0.121875 0.16475972540045766 0.225 0.2951945080091533
14 0.3828125 0.5011441647597255 0.2328125 0.2814645308924485
14 0.3828125 0.16247139588100687 0.2234375 0.30434782608695654
14 0.6265625 0.5102974828375286 0.2125 0.30663615560640733
14 0.8765625 0.5102974828375286 0.234375 0.3112128146453089
14 0.1203125 0.8283752860411899 0.20625 0.2997711670480549
14 0.375 0.8283752860411899 0.209375 0.2929061784897025
14 0.63125 0.8375286041189931 0.2015625 0.2929061784897025
14 0.8734375 0.8375286041189931 0.209375 0.2768878718535469