15 0.90234375 0.70390625 0.18359375 0.39453125
15 0.8515625 0.4671875 0.09453125 0.10625
15 0.765625 0.51953125 0.08828125 0.21640625
15 0.94609375 0.478125 0.078125 0.06640625
15 0.6953125 0.64296875 0.0578125 0.43203125
15 0.64765625 0.66171875 0.0578125 0.34921875
15 0.60390625 0.63046875 0.0515625 0.365625
15 0.5640625 0.64296875 0.04296875 0.35859375
15 0.53359375 0.62578125 0.03203125 0.31640625
15 0.5046875 0.63125 0.034375 0.296875
15 0.47734375 0.625 0.0296875 0.28046875
15 0.44921875 0.621875 0.03125 0.27265625
15 0.428125 0.6359375 0.0265625 0.240625
15 0.4078125 0.61484375 0.02109375 0.26953125