15 0.70625 0.3453125 0.06171875 0.1171875
15 0.6421875 0.3078125 0.06015625 0.11328125
15 0.64296875 0.48828125 0.06328125 0.2421875
15 0.76875 0.28125 0.06328125 0.11796875
15 0.57734375 0.5140625 0.06640625 0.18828125
15 0.50859375 0.28984375 0.059375 0.0984375
15 0.44375 0.32578125 0.0578125 0.10625
15 0.44140625 0.50390625 0.06171875 0.22734375
15 0.37890625 0.4078125 0.059375 0.146875
15 0.38046875 0.54921875 0.06171875 0.1203125
15 0.31875 0.3125 0.065625 0.128125
15 0.25390625 0.3 0.05234375 0.1234375
15 0.25625 0.42421875 0.05546875 0.12265625
15 0.25859375 0.54453125 0.06015625 0.11328125
15 0.190625 0.46796875 0.05859375 0.25625
15 0.315625 0.490625 0.06328125 0.2265625
15 0.70625 0.50703125 0.0671875 0.19765625
15 0.7765625 0.53671875 0.05390625 0.15390625
15 0.76875 0.39765625 0.06484375 0.12421875