18 0.2947779846136802 0.3744869766048254 0.17478440729444458 0.1350105787839034
18 0.38009788877399275 0.3624959398437096 0.25552656743868063 0.1849643471291677
18 0.438509147607708 0.4004439899001794 0.21435605357097226 0.15916071032569973
18 0.5115647879003121 0.41257299260160246 0.26501067021222247 0.19019787869919877
18 0.09781467847725672 0.6016241422063142 0.19562935695451344 0.18058068401734034
18 0.5457566435236454 0.48547987158314987 0.2321254350298613 0.18516176820408994
18 0.6738089083412844 0.4811424401260583 0.3152665497712501 0.2711440418110261
18 0.19324727973218697 0.6136775501976441 0.3325267849536113 0.27527009968941646
18 0.823136107904444 0.5013121850055609 0.2885572729857639 0.19625045762427645
18 0.3100516136040272 0.6903549003105836 0.39786084422416684 0.26659232067963395
18 0.8761325149145481 0.5707832508470461 0.22467791736243078 0.2674282366340588
18 0.3786191224377424 0.7277114161661862 0.3915030478713891 0.32863729437127487