18 0.44921875 0.32421875 0.17578125 0.2140625
18 0.62109375 0.34140625 0.228125 0.20625
18 0.29140625 0.37265625 0.240625 0.209375
18 0.7265625 0.42734375 0.2828125 0.14765625
18 0.23203125 0.471875 0.29140625 0.1390625
18 0.4421875 0.5484375 0.121875 0.23828125
18 0.73984375 0.55234375 0.2890625 0.11796875
18 0.5375 0.5546875 0.11640625 0.24140625
18 0.2203125 0.5859375 0.28125 0.13125
18 0.753125 0.6609375 0.303125 0.1421875
18 0.2640625 0.6984375 0.27421875 0.18515625
18 0.68046875 0.734375 0.25234375 0.19296875
18 0.38125 0.77421875 0.18984375 0.24140625
18 0.56953125 0.7796875 0.19453125 0.246875