18 0.6502292098820162 0.5017899090738484 0.15466188296032685 0.1774580005042031
18 0.3018644844891221 0.4789872855372814 0.18002144789030422 0.12004969209011432
18 0.6900965386657326 0.5886779038780683 0.18514559553293922 0.12975247402109957
18 0.2602099855225794 0.5710765965492601 0.19259422249741007 0.12248627723940828
18 0.6925923000382721 0.6924202629125757 0.19012419396136265 0.13633025595208464
18 0.28098486600170675 0.6994583226640467 0.22243157981717357 0.1946562081816577
18 0.6655097233214704 0.7964304197175102 0.1982663337461151 0.17739229852673155
18 0.32543053287476426 0.7843303493992518 0.1939084735308673 0.21758025595208466
18 0.6130440028909749 0.8737470365456875 0.1720720148871962 0.25031634629715854
18 0.40555898862295126 0.8662466209386768 0.1477997609582548 0.26419317599857095
18 0.5310684108726923 0.8792497294689812 0.12556088792272552 0.24150054106203775
18 0.4541118810982999 0.403975849903455 0.11175094499482015 0.22585194183801285
18 0.567048528740935 0.42121761624709986 0.12352319892376151 0.21110102698730665
18 0.3640326906515939 0.4093574825710743 0.13627575599585598 0.18395937278026225