18 0.5418747452469983 0.6472867832019278 0.15514568817039454 0.35016866950744613
18 0.8079021596388565 0.6143205488958424 0.19609601984959468 0.32507938947037934
18 0.6227437555860804 0.6415030638719669 0.15841623738460625 0.353402796912108
18 0.4423092388368575 0.6680680199550839 0.16542821670644176 0.3364881154237622
18 0.7318833151393743 0.6335764911839613 0.17734601984959503 0.3244246250424091
18 0.35535289433737544 0.6869420163268868 0.1575429420993359 0.33465279691210786
18 0.24346932444499933 0.7033804934613961 0.17723901199171205 0.3556200613400781
18 0.1641799307313056 0.7256523083448533 0.19195648345566477 0.3701736346610559
18 0.5583881189017001 0.39354422430892033 0.13366448635114878 0.2573809687818067
18 0.4936342601341945 0.4061508625133553 0.13275695781510172 0.2713889050794759
18 0.7020846149727586 0.3829118030721937 0.13257286724456102 0.23394346878180672
18 0.6477053300265705 0.39118560534177915 0.12483314185166705 0.23523315027015243
18 0.2635807330458892 0.43959081197305033 0.1382792117440431 0.2559821598887993
18 0.1988632615819365 0.4514162001774853 0.1342081418516669 0.23556053248413775
18 0.3466479441707597 0.43701393819658574 0.11531259263745515 0.2317807680561673
18 0.40627765529563026 0.4336186088851582 0.12512424028009034 0.24148315027015244