18 0.5390625 0.2484375 0.06875 0.0546875
18 0.70234375 0.24921875 0.0671875 0.0484375
18 0.7640625 0.25078125 0.0640625 0.04609375
18 0.70390625 0.33046875 0.06015625 0.06015625
18 0.76875 0.33203125 0.065625 0.05234375
18 0.53203125 0.3359375 0.075 0.05625
18 0.440625 0.3359375 0.0734375 0.0546875
18 0.6015625 0.33671875 0.0640625 0.05625
18 0.3671875 0.33828125 0.06875 0.0609375
18 0.4453125 0.42265625 0.06875 0.05703125
18 0.7078125 0.4234375 0.06328125 0.05390625
18 0.76640625 0.42421875 0.06484375 0.0546875
18 0.36640625 0.425 0.08046875 0.06015625
18 0.6125 0.42734375 0.07421875 0.05
18 0.540625 0.43203125 0.08671875 0.04921875
18 0.440625 0.51015625 0.075 0.0578125
18 0.61953125 0.5109375 0.06015625 0.0609375
18 0.7625 0.5125 0.08828125 0.05859375
18 0.69765625 0.5125 0.0484375 0.05859375
18 0.365625 0.51484375 0.084375 0.06015625
18 0.54296875 0.5171875 0.09296875 0.05703125
18 0.77265625 0.59296875 0.08828125 0.06328125
18 0.5484375 0.59609375 0.09453125 0.0640625
18 0.44375 0.59609375 0.07109375 0.06484375
18 0.7015625 0.596875 0.05625 0.065625
18 0.37890625 0.5984375 0.075 0.06875
18 0.6171875 0.6015625 0.05625 0.05234375
18 0.4421875 0.68359375 0.06015625 0.059375
18 0.7734375 0.68359375 0.0609375 0.06484375
18 0.70703125 0.684375 0.06875 0.06484375
18 0.37109375 0.68671875 0.07578125 0.06875
18 0.715625 0.06875 0.06484375 0.05078125
18 0.53984375 0.6875 0.075 0.0671875
18 0.60859375 0.6875 0.0640625 0.06171875
18 0.7765625 0.07109375 0.0546875 0.0359375
18 0.6015625 0.07578125 0.06171875 0.0328125
18 0.378125 0.07734375 0.0640625 0.03125
18 0.5375 0.07734375 0.05234375 0.03359375
18 0.77734375 0.77265625 0.07109375 0.06640625
18 0.446875 0.07734375 0.06875 0.03125
18 0.36640625 0.7734375 0.0703125 0.06953125
18 0.71171875 0.7765625 0.06875 0.06953125
18 0.44453125 0.7765625 0.08203125 0.06875
18 0.53984375 0.77890625 0.0765625 0.06015625
18 0.609375 0.77890625 0.0671875 0.06640625
18 0.78359375 0.86484375 0.06640625 0.06796875
18 0.71640625 0.865625 0.07890625 0.07109375
18 0.61640625 0.8671875 0.06953125 0.0703125
18 0.4390625 0.86796875 0.07265625 0.07109375
18 0.37265625 0.86875 0.06328125 0.06953125
18 0.54296875 0.86953125 0.090625 0.0734375
18 0.703125 0.1578125 0.0578125 0.053125
18 0.7671875 0.159375 0.05078125 0.05390625
18 0.37578125 0.1625 0.07578125 0.0453125
18 0.60390625 0.16328125 0.065625 0.04609375
18 0.4453125 0.1640625 0.06875 0.04453125
18 0.5375 0.1640625 0.06171875 0.0421875
18 0.603125 0.24609375 0.071875 0.05859375
18 0.44140625 0.24609375 0.08046875 0.05625
18 0.36484375 0.24765625 0.0703125 0.05546875