18 0.4675772389825461 0.51640625 0.08141514192396553 0.190625
18 0.5489560415992646 0.53203125 0.07948862087727804 0.184375
18 0.509620525814249 0.52734375 0.0782901419239657 0.190625
18 0.4260799837208743 0.51484375 0.08306864718563745 0.1921875
18 0.3426304468891713 0.50390625 0.11110264192396553 0.190625
18 0.3737362337208743 0.51484375 0.11911256299888784 0.1671875
18 0.3408389756871921 0.6609375 0.15723418927901225 0.2046875
18 0.36125716247654277 0.71640625 0.17202473137238705 0.2171875
18 0.5912150761530676 0.17109375 0.10803928413027997 0.084375
18 0.58862069717152 0.20703125 0.11400085779368574 0.10625
18 0.45645293927901226 0.2046875 0.13300846302712266 0.1375
18 0.30701438140062187 0.1875 0.07536256299888784 0.1671875
18 0.34363442086316076 0.19921875 0.08482856826055966 0.16875
18 0.5730782681335028 0.30234375 0.12512036831702938 0.109375
18 0.4363595181335028 0.30234375 0.1452200366905286 0.159375
18 0.30337271288594836 0.2859375 0.13458637357870132 0.1109375
18 0.5701044575536894 0.35859375 0.13567843671876362 0.1296875
18 0.29167634968941647 0.3265625 0.15137903142885678 0.1578125
18 0.6396804811606256 0.43984375 0.12980786831702956 0.109375
18 0.6417581916274995 0.50234375 0.15680998407381014 0.14375
18 0.21854122852978958 0.4390625 0.20291071032569966 0.2109375
18 0.8021265442301007 0.5328125 0.18058068401734034 0.203125