18 0.43362256897404966 0.3151180234149299 0.14570864767057934 0.06801472267624523
18 0.4565875146993211 0.0409492703898678 0.19619997060135788 0.07768061416679298
18 0.412719169494448 0.43065666500367356 0.1473530348257091 0.06958631303532492
18 0.3953092622129303 0.5391822373105765 0.1459543091359686 0.07270222267624522
18 0.3831600650173207 0.636797580694718 0.1340275192218768 0.08356699980360816
18 0.5167704251486576 0.7118162822937245 0.1105900192218769 0.08343064441741391
18 0.3896347150627492 0.7220174632082754 0.13550813206674714 0.08201359016268786
18 0.6625842141582381 0.7478315712267485 0.06667624491161739 0.0800511143631848
18 0.7051435283825894 0.7558940561014379 0.06519563206674697 0.08160452400410509
18 0.5491048903229485 0.7807753605525557 0.09093261646291495 0.09581246974937904
18 0.5855779788575592 0.7856764839909267 0.08476450361804452 0.09733860831306043
18 0.23236776967616207 0.7703362676593933 0.1105833751693421 0.11310905405833438
18 0.2751318017883377 0.7744925025340827 0.10959408525525038 0.12403746369925468
18 0.3360726238146051 0.7896953217177277 0.09191526232447185 0.11456246974937905
18 0.3797850022633075 0.8055793969514967 0.10902087516934209 0.11309996369925486
18 0.32828337799847657 0.8935879361791083 0.12447545680654795 0.13974427693097127
18 0.3767651436023088 0.9079367824901162 0.12916295680654793 0.13977154800821018
18 0.43289330789277314 0.1799163216195318 0.17424308344622813 0.07599084913967831