18 0.5655897320178174 0.16739676742340492 0.20305446403563465 0.27531658235511314
18 0.3923249546864991 0.17112613741233026 0.23432264536918018 0.27888167334809955
18 0.688164713359317 0.235363122296052 0.19987492003499838 0.2704288232558144
18 0.2854397026973168 0.24390469848652713 0.23713856269890768 0.2525194324473981
18 0.792698766709089 0.3630654225729072 0.22918061203054413 0.2395187846991515
18 0.19551523138127053 0.36539086983204183 0.2601033480267261 0.21339637569213793
18 0.8459430400620425 0.5109009477113348 0.26593517735518085 0.17785939389073527
18 0.132162350731997 0.48936049352159505 0.2552703973583625 0.20059598704319015
18 0.8661675367003394 0.6341276966316005 0.2676649265993213 0.18294741208933268
18 0.8406304734245413 0.7252440499630881 0.25528857869190774 0.20215848704318998
18 0.16970889875076886 0.6299447231635293 0.25859539202736237 0.21798374614248867
18 0.7503151034372679 0.8131364713086029 0.21377378803308922 0.25726748920265835
18 0.22585999610117719 0.7592305074012556 0.2418624253659985 0.25594482109634614
18 0.330557134110404 0.8338578724529355 0.19367946403563474 0.2747158050572171
18 0.6372162141151765 0.8713287916389818 0.17046014003818008 0.2573424167220363
18 0.42013780211644913 0.8741854777131788 0.16709878270208928 0.2516290445736423
18 0.5186662087841765 0.8794929426264311 0.15468968936981647 0.24101411474713785