18 0.4645549214211714 0.28891649932263147 0.14531680810555195 0.07463923111680745
18 0.46037672787409356 0.02878234000494878 0.19575345574818712 0.05756468000989756
18 0.45509649234700494 0.40531942729636405 0.14695208271265764 0.07628361827193722
18 0.448435577540862 0.5145273309598373 0.14553513192686934 0.07932673111680746
18 0.44595274048497807 0.6125520731579212 0.1335445541766104 0.08960913387576941
18 0.5869095343225064 0.6795647535065029 0.1101070541766104 0.08838082654882307
18 0.4608564565722474 0.6971351130720128 0.13503427956950453 0.08812852103089916
18 0.7362032129823881 0.7069826673467414 0.06621150496239885 0.08296298620519008
18 0.7795358360179174 0.7125432705806732 0.06472177956950453 0.08444359905006031
18 0.6260491170351641 0.7464313489385187 0.0903767510334573 0.09981629353213642
18 0.6629861908564816 0.7491945007929696 0.08419952564056317 0.10105124491161739
18 0.3084613566960818 0.7544606914298583 0.10992727171162171 0.11798643939369331
18 0.3516120432138465 0.7561150446637901 0.10887419396136275 0.12884205223856354
18 0.41402215198135206 0.7677242520361649 0.09125004631872749 0.11856629353213641
18 0.4592811480524107 0.781015468114967 0.1083647717116218 0.11790455223856355
18 0.4165179133538916 0.8717533327688596 0.1236644400324213 0.1452040366347312
18 0.4663916348178444 0.8832363873822724 0.12835194003242129 0.14544969810012062
18 0.4504474179065149 0.15416968509828022 0.17380568114108108 0.08392569990914293