18 0.5199506660250119 0.24454734719477073 0.07349768415851479 0.05509656615858276
18 0.6833229212866838 0.24203490467095068 0.07166216837349922 0.05039997579950315
18 0.7450416712866839 0.24167583548730578 0.06835515785015538 0.04725679508134393
18 0.6817611503105836 0.3224854739527915 0.0644867052052021 0.06129202400410509
18 0.7465593976797475 0.32288947405098734 0.07028167889684286 0.05351588544042354
18 0.5093856213713883 0.3320791634515494 0.07992969468185844 0.058257927594901206
18 0.4178883661097165 0.33417344945770705 0.07818518415851461 0.055123837235821684
18 0.5789168713713884 0.33167464247250644 0.06899219468185844 0.058194295081343925
18 0.3442233529555369 0.33850694633444905 0.07395271046687402 0.06290906615858276
18 0.419087574086929 0.42085583802138854 0.07377069994353036 0.05978406615858276
18 0.6818150872411085 0.4154224076960128 0.06724768415851479 0.05506020472226432
18 0.7404088372411085 0.4150815192305271 0.06890118942018653 0.056631795081344014
18 0.33995381093274923 0.42522115115490927 0.0847992052052021 0.06141019867214013
18 0.5861385661944212 0.42222691959986947 0.07800317363517095 0.05199883723582168
18 0.5139450477785696 0.4281138261175319 0.09041216837349922 0.05050906010845857
18 0.41086627943330534 0.5083740187395478 0.08002069994353037 0.05982042759490121
18 0.5899090373258131 0.5049894226249315 0.0644867052052021 0.06129202400410509
18 0.7329232899566491 0.5033764047691466 0.0926117052052021 0.06145565046753827
18 0.6679885346949772 0.5053161546709507 0.05345819994353036 0.059665891490547907
18 0.33550225838661796 0.5150603559753695 0.08957771046687402 0.06299996974937905
18 0.5128915110174539 0.5132473502198328 0.09711719468185845 0.058357921544777015
18 0.7399552689805489 0.5837769770760495 0.09288472099021768 0.06614315046753827
18 0.5153269953030255 0.5921126936039746 0.09913472099021767 0.06617951190385671
18 0.41054849004135363 0.594284247662309 0.07569722099021767 0.06604315651766228
18 0.6685885031955333 0.588878088414172 0.061725726251889414 0.06752384328594588
18 0.345477226887174 0.5985677475641131 0.08065773677523325 0.07075792759490121
18 0.5838494821488458 0.5956189678044714 0.06090667889684287 0.05346134328594587
18 0.4054521953877301 0.6817842476623089 0.0644867052052021 0.06129202400410509
18 0.7370207138035816 0.67438834153743 0.06475972099021768 0.06597952400410509
18 0.6705234585419098 0.6763371817983137 0.07422572625188942 0.06759656615858275
18 0.33408542960271453 0.6868853590004316 0.08222023677523324 0.07076701795398091
18 0.7040357816406182 0.06072581733693316 0.06862817363517096 0.051944295081343926
18 0.5029719374952223 0.6835598502198328 0.08056673151356133 0.0691954275949012
18 0.5717674401260583 0.6823786244203296 0.06926521046687402 0.06288179508134384
18 0.7648822763789465 0.06193379333282808 0.05687162628012423 0.037818162567786626
18 0.5902085000705872 0.07075986837020545 0.06450211575678075 0.034738614363184706
18 0.3664524816547357 0.07752853971859079 0.06597361049510883 0.033185204722264314
18 0.5260094921780795 0.07347632309246979 0.055127115756780753 0.03468407220870699
18 0.7373021638882862 0.7634190252806514 0.07587923151356132 0.06916815651766228
18 0.4352934869164075 0.07556606391908761 0.07066111049510884 0.03321247579950317
18 0.32590963757992697 0.7736222897185908 0.07597023677523325 0.07073065651766246
18 0.6714041481032706 0.7684883203619952 0.07440773677523324 0.07072156615858276
18 0.40394363231825514 0.77473027176461 0.08847023677523325 0.07080337939029935
18 0.49921062968741914 0.7749570098607532 0.08176521046687402 0.06295451795398091
18 0.5687873823182551 0.7737712388817102 0.0727542315135615 0.06914997579950324
18 0.7397453534496471 0.8555610734852532 0.07119173151356133 0.06914088544042371
18 0.6724668481879752 0.8575144589256768 0.0855272472985769 0.07391019867214013
18 0.5722848376646315 0.8612212419067724 0.07606124203690498 0.07229315651766229
18 0.3947135745104519 0.8661592476623088 0.07762374203690507 0.0723022468767418
18 0.32817081661794417 0.8688893379231928 0.06972023677523324 0.0706942950813442
18 0.49861982451045195 0.8655547387835144 0.09655575256024881 0.0755363311856975
18 0.6878654790944869 0.15063319985049048 0.06099768415851479 0.055023843285945874
18 0.7519279790944869 0.15026049512822617 0.05474768415851479 0.05498748184962739
18 0.35993019489361994 0.1626938800776704 0.07920165258848363 0.04575792759490129
18 0.5882372054169636 0.15824168765204621 0.06991765785015538 0.04726588544042354
18 0.43024269489361994 0.1622848139190876 0.07138915258848363 0.04571247579950315
18 0.5217399501552917 0.16019052791292998 0.06495714206513999 0.042551114363184706
18 0.5841951765483555 0.24104964247250643 0.07689569994353036 0.05980224687674198
18 0.42233991865584786 0.24433424463724682 0.08461719468185844 0.058285198672140125
18 0.3455954081325041 0.24790467223214813 0.07515118942018653 0.05666815651766246