18 0.5453510147915666 0.31199858615295095 0.2029180474519922 0.22950958130638907
18 0.3884179238790956 0.35155466147541636 0.2251113824329643 0.23783122758291686
18 0.1274684950199031 0.41538599781579855 0.2201108646384672 0.15341985999173638
18 0.805776520228774 0.28018031601697846 0.22566052768032882 0.1363778303564585
18 0.3441612465027778 0.40331783643729135 0.22138420456235508 0.18466985999173638
18 0.6009179238790956 0.3466086690748606 0.2486470415204934 0.20247560904180578
18 0.10694174874568049 0.46838436445704856 0.21388349749136099 0.13343466831236128
18 0.8286609219019292 0.35067400076249927 0.25260502965749543 0.146371079406528
18 0.3195658117120863 0.4897462989182289 0.24367569863085592 0.15709037385944455
18 0.11047594908796651 0.5431843427055554 0.22095189817593303 0.13194490349472243
18 0.6180815661607106 0.46172452279833276 0.2494455375661607 0.18376197663298638
18 0.8353473206093349 0.4355938614198257 0.26551620653952135 0.19506315254479195
18 0.11663177789029364 0.6078098871584722 0.23326355578058727 0.17591310904180588
18 0.36718095794803407 0.5854211684092705 0.27412188539871385 0.25302112290951406
18 0.5872361313700191 0.5482984556439925 0.23748404844057552 0.23499716831236128
18 0.8362612217881985 0.5089404424418743 0.26331703657757755 0.17940178495361128
18 0.4545390365032153 0.6060226495075691 0.1920097223568522 0.2682811405769446
18 0.14483377266305092 0.6787938811745485 0.2692778765014653 0.2107608877271531
18 0.8112837850203405 0.6047439049228118 0.2805628863872968 0.25785409327423636
18 0.20125091593324912 0.7883130451185067 0.30176672433401847 0.28020187195958357
18 0.7466535992410659 0.6967872409788536 0.25406405338349136 0.25879834422416687
18 0.6695207548685538 0.7508766353555203 0.22526789133021285 0.2799823599917364
18 0.285836821560737 0.8386383938079858 0.23754239825029516 0.31304943313000033
18 0.5857068289751108 0.7965359338924994 0.18933039133021304 0.2791459053945836
18 0.3765745681006959 0.8529171397239234 0.21276789133021284 0.2796914192622918
18 0.4917048195835706 0.8432128717721523 0.17839289133021302 0.2788913322563197
18 0.4286940498862693 0.14846537585621492 0.12565521049385406 0.21054006933854175
18 0.36074254593193655 0.16877918227697886 0.14577670950527094 0.206325348023889
18 0.5001379683653384 0.13821690045749957 0.12871654349765968 0.20905030452090284
18 0.2942262079852151 0.19218162110656226 0.19051620653952134 0.19331750816812515
18 0.5620158858558244 0.13287413060586759 0.14252437551288216 0.2031276128415279
18 0.6112837153995889 0.14967911768808975 0.1763263725471326 0.18986519984750014
18 0.24268361262411978 0.2503584502287498 0.21832287155854946 0.18615962480937523
18 0.6668652119395478 0.16477613440558972 0.1940577006080222 0.1653016109416668
18 0.187807770228774 0.29456369832888873 0.21838653855474383 0.18772212480937522
18 0.721729125475701 0.17832883491867996 0.2281143656270503 0.15828919794763907
18 0.14026692536197033 0.35030585847312484 0.23455536661563353 0.1631221683123613
18 0.7755916131184113 0.23561335163617989 0.237744033611828 0.16475740349472243