18 0.19539142584248392 0.4947516181017888 0.27252598933548194 0.1499217280826075
18 0.25398371779468437 0.654830001624853 0.25843266823232486 0.2027467191541538
18 0.8685804839326359 0.6595183125057668 0.26283903213472826 0.18454218993316046
18 0.7884790861117138 0.7549865454596383 0.22442168927901224 0.20839670129724616
18 0.3398063676817449 0.7722026879078608 0.2384533681758551 0.2617126160698987
18 0.6032010097468848 0.8098355069031541 0.1901824681476203 0.2905273628234877
18 0.5189305524755442 0.15517132630218916 0.1313087261107153 0.21769778896022585
18 0.7486026419239656 0.17775188961543953 0.22524073663405897 0.22245920129724625
18 0.3512117024331919 0.20267539204777624 0.18139973137238705 0.2201330422066367
18 0.23020822867096397 0.2869021619332786 0.25045356826055976 0.17295012499835236
18 0.8630963233810572 0.30400865219734124 0.26836911035393457 0.1857501339268061
18 0.8838876945406842 0.4715001152657103 0.23222461091863167 0.15291036038785571