18 0.3978785927029442 0.31288922200428715 0.230711757059629 0.2656242720436282
18 0.5696770363555957 0.2767064315233272 0.2792856493794972 0.2736988519971419
18 0.253994548892008 0.4079335602556742 0.29196750580598774 0.2808229371464357
18 0.6914323644105566 0.3258873406740501 0.3171206185006847 0.23424286808868527
18 0.2171728473217977 0.5212201640944014 0.3231432979675712 0.22686741066333233
18 0.43914713572245745 0.5290880223726042 0.18415500580598768 0.2732839527337759
18 0.7309685743605442 0.4408514229733524 0.31473976458147634 0.20600860744502345
18 0.534178490895307 0.5052902534310693 0.17795046991261038 0.27440941015912906
18 0.23028294959165332 0.6333541773359533 0.31037051332783516 0.2166183255140382
18 0.7670759074300698 0.5396824068818089 0.334262654394062 0.2338822351689643
18 0.29692722882111305 0.7277108286930061 0.31807536473976084 0.26705536808868546
18 0.7121407033525771 0.6324051384444772 0.2978537929530063 0.26875997972108256
18 0.4276627517823666 0.7630095543035894 0.2519335391920826 0.2982946604112307
18 0.613197086501245 0.7102730483515047 0.25675743151195063 0.30330994234221575