18 0.62578125 0.44921875 0.1359375 0.15703125
18 0.278125 0.475 0.16796875 0.09609375
18 0.6671875 0.53046875 0.1734375 0.10546875
18 0.2390625 0.5734375 0.18125 0.0984375
18 0.67265625 0.634375 0.17734375 0.11171875
18 0.2625 0.69921875 0.20234375 0.165625
18 0.64765625 0.74296875 0.18046875 0.1515625
18 0.30859375 0.778125 0.171875 0.19296875
18 0.59765625 0.82734375 0.1453125 0.22890625
18 0.390625 0.84921875 0.11953125 0.246875
18 0.515625 0.8515625 0.09765625 0.240625
18 0.428125 0.378125 0.0859375 0.21328125
18 0.540625 0.3796875 0.10078125 0.1953125
18 0.33828125 0.39609375 0.11640625 0.1671875