18 0.36498256704234555 0.48970074105758493 0.16966812626704142 0.16862649136212654
18 0.5612035820694603 0.4552594825765951 0.17296584308955404 0.19851425046142523
18 0.16769850088376279 0.5726295643133994 0.16963176483072293 0.1623764913621267
18 0.5653592960633026 0.5463653439276472 0.1728567587805987 0.17976425046142525
18 0.19440592574818955 0.6802522971945362 0.17600902985783756 0.18465200956072395
18 0.5585456938003663 0.6436408621262444 0.18426695745273883 0.2617151573089707
18 0.22987981743512903 0.7576368175526019 0.1778078791939076 0.2253771391103733
18 0.5198326517440843 0.7203127860926528 0.15146354781181834 0.26117493676633485
18 0.28973154040596183 0.8061255798911029 0.16077491529826116 0.2508382140642308
18 0.41398210666274055 0.7926965306939819 0.1171703610435351 0.2730345866740498
18 0.3450684801993074 0.8252272308785521 0.1454771682251274 0.3060869185677376
18 0.49282926932872295 0.7977962384366912 0.15011921642972936 0.2985748072166855
18 0.30891087080609236 0.19418678439460973 0.12163060206654457 0.23427247532299772
18 0.254918262394836 0.21248500385751132 0.12322946350286301 0.24062260487264703
18 0.3628398467037914 0.18682606493170817 0.0997737827847038 0.23599566162790725
18 0.42997280454931364 0.19189549429678737 0.11997719847574828 0.2185473457733484
18 0.20620805162244746 0.26246401989664025 0.12473742134838535 0.23134773442229636
18 0.4765478226996864 0.24045410780730775 0.13707379488495236 0.2040237708194909
18 0.1753984131569618 0.3230102961148021 0.14813855991206687 0.2265996776670362
18 0.5177586299794745 0.27139442474160075 0.15254425878059868 0.17846256631598417
18 0.1460921873574586 0.3936126927833145 0.16052947560311143 0.20865071406423077
18 0.33817969340758286 0.39848425817644795 0.16015677088084707 0.14458821406423078
18 0.5383387746914762 0.35832392582133493 0.16664312021691713 0.185613732262828
18 0.15339108206946023 0.48139329503506795 0.16657039734428025 0.17311373226282817