18 0.440625 0.52578125 0.04140625 0.1859375
18 0.52265625 0.52890625 0.040625 0.18046875
18 0.48359375 0.53046875 0.0390625 0.18671875
18 0.4 0.53125 0.0421875 0.1890625
18 0.31640625 0.5328125 0.071875 0.18125
18 0.34765625 0.5390625 0.08515625 0.15625
18 0.3296875 0.68984375 0.1171875 0.18984375
18 0.35546875 0.7421875 0.13046875 0.19921875
18 0.52890625 0.1625 0.09296875 0.07109375
18 0.5296875 0.1984375 0.09453125 0.09296875
18 0.39921875 0.2171875 0.10703125 0.1234375
18 0.25 0.2234375 0.03984375 0.16328125
18 0.28671875 0.22890625 0.05 0.16328125
18 0.52421875 0.29609375 0.1046875 0.09453125
18 0.3890625 0.3171875 0.115625 0.14296875
18 0.25546875 0.321875 0.115625 0.09296875
18 0.5265625 0.35234375 0.11171875 0.11328125
18 0.2484375 0.3640625 0.12109375 0.1390625
18 0.603125 0.42265625 0.11015625 0.09375
18 0.61171875 0.484375 0.13125 0.12421875
18 0.1875 0.4875 0.16328125 0.18671875
18 0.77265625 0.48984375 0.1421875 0.18359375