18 0.53125 0.12578125 0.178125 0.2515625
18 0.36015625 0.15703125 0.2109375 0.246875
18 0.65859375 0.1765625 0.17578125 0.24296875
18 0.26015625 0.24609375 0.215625 0.2203125
18 0.771875 0.28828125 0.20859375 0.2078125
18 0.1796875 0.38046875 0.24296875 0.17734375
18 0.8359375 0.42734375 0.25390625 0.13828125
18 0.12578125 0.51484375 0.24140625 0.16328125
18 0.8671875 0.546875 0.2578125 0.14453125
18 0.846875 0.6421875 0.23984375 0.1671875
18 0.17421875 0.6484375 0.24140625 0.18046875
18 0.76328125 0.74375 0.19296875 0.22734375
18 0.23984375 0.76875 0.22109375 0.22265625
18 0.34921875 0.82734375 0.16953125 0.24765625
18 0.65703125 0.8359375 0.14453125 0.26953125
18 0.44140625 0.8640625 0.14296875 0.24921875
18 0.54140625 0.8671875 0.12890625 0.265625