18 0.8269418904818696 0.4991581508046938 0.3170883293962454 0.2835530365493543
18 0.5053818598118305 0.598191974185751 0.33422126569391464 0.2829915944277445
18 0.1947047654394606 0.6981512607351051 0.3254811827542901 0.2559740681193855
18 0.846664080322918 0.7381450560946005 0.2608383293962454 0.2802768471291676
18 0.5524750815040441 0.8348050373964003 0.3404167019915839 0.2817931154744322
18 0.2355132707969382 0.8914693502541138 0.3439930805773718 0.20559463652111915
18 0.4032737890227415 0.13090982380458022 0.3196131286706061 0.26181964760916043
18 0.13025792967424718 0.22121630538872875 0.26051585934849436 0.27006738922254253
18 0.7472618911996598 0.08362675817485646 0.3304762176006804 0.16725351634971292
18 0.4606051062684514 0.3622236530825938 0.3244643197775986 0.27150806285771356
18 0.7996973773198437 0.2746432691923103 0.33647324645662097 0.2581736049510884
18 0.15452626497612446 0.47343895804779956 0.3090525299522489 0.24999708390440087