18 0.36796875 0.4875 0.146875 0.13203125
18 0.56484375 0.50390625 0.14296875 0.1640625
18 0.1609375 0.51953125 0.14765625 0.12578125
18 0.5515625 0.59453125 0.14765625 0.14375
18 0.1671875 0.63203125 0.15078125 0.146875
18 0.52734375 0.68828125 0.14296875 0.22734375
18 0.1875 0.7171875 0.14296875 0.18984375
18 0.475 0.75390625 0.10625 0.2359375
18 0.2359375 0.7796875 0.11796875 0.2234375
18 0.359375 0.7984375 0.06796875 0.25703125
18 0.28671875 0.8125 0.09140625 0.284375
18 0.434375 0.8234375 0.09765625 0.27578125
18 0.36796875 0.1828125 0.08046875 0.215625
18 0.3125 0.1875 0.08125 0.22109375
18 0.421875 0.18984375 0.05703125 0.22265625
18 0.4859375 0.21171875 0.08203125 0.19921875
18 0.25625 0.22421875 0.08359375 0.2109375
18 0.521875 0.27109375 0.10390625 0.17890625
18 0.21484375 0.27578125 0.11171875 0.19921875
18 0.55625 0.31171875 0.125 0.14765625
18 0.1734375 0.3375 0.12890625 0.17734375
18 0.35859375 0.39140625 0.140625 0.109375
18 0.56015625 0.40234375 0.1390625 0.15078125
18 0.1640625 0.42578125 0.1421875 0.13828125