18 0.456261862419746 0.15762763003058217 0.2281012751605081 0.2788973631835545
18 0.29434251501753367 0.20544325305221775 0.2596240105500115 0.2961601062861495
18 0.5910908299523419 0.18346086894930572 0.22349559577735914 0.28333920171816523
18 0.21122427759943543 0.3082163709854706 0.2576251339268062 0.2710782191310198
18 0.7223623750016477 0.2787025271353346 0.24956717207625304 0.256606283355371
18 0.15475431493810346 0.4522662641334942 0.2757205689919979 0.23456086499257686
18 0.8092566286550955 0.4075888449777304 0.27821827759614026 0.19878713930283637
18 0.13055186323217247 0.5930207389187235 0.26110372646434493 0.22033459068231737
18 0.8557713441590966 0.5202835967867527 0.2752023717519414 0.20487336499257686
18 0.8571781112052251 0.6188848710970123 0.2692796542193456 0.22329581637205784
18 0.19623883685549598 0.7187444352098218 0.2757751160698986 0.23768586499257688
18 0.7926598693229001 0.7312343848918222 0.23736718100470675 0.27313868611433295
18 0.28189787297634805 0.828798865897088 0.26392968100470676 0.27453076775153884
18 0.39922569481101505 0.8639047879914982 0.21888991639421018 0.2721904240170037
18 0.7040046980574258 0.8376271477821209 0.19885015178371362 0.30234150723608905
18 0.4958143226520365 0.8773381852098219 0.1921637751605081 0.24532362958035633
18 0.5960597845025896 0.8683626549066685 0.18311605762791228 0.26327469018666283