18 0.6958139298105946 0.3575844208582086 0.11348417984777566 0.06637402286549073
18 0.5776038047920041 0.5513939298438831 0.0691266847906915 0.0882291754978958
18 0.6960036363129349 0.5641345212210283 0.103247016805914 0.08317957694917481
18 0.5883582795831331 0.6714708168671917 0.06823534684397004 0.0663541754978958
18 0.6290787800774247 0.670545723127794 0.06967051285158128 0.06328373920022692
18 0.17031393372774625 0.7163318720471841 0.09875051779449713 0.08770338584218215
18 0.08512850882288649 0.7524752139724834 0.09855951680591397 0.08301588584218215
18 0.2645122612943444 0.7470040078893663 0.120434516805914 0.08377977767481415
18 0.7087861847163295 0.7304415675001639 0.07910917984777566 0.06517362141421187
18 0.57929234429815 0.7595610939090337 0.08456068380210838 0.08408731252120454
18 0.6645759282905388 0.7594098156860654 0.04993101581733086 0.07663691106992569
18 0.17835458540090143 0.7878075679635002 0.1350700197716635 0.09833335099579195
18 0.08339750144569372 0.8405927728654907 0.16679500289138743 0.12642363466105594
18 0.3743873269979444 0.8345536263083535 0.10066584486680367 0.05812501324684405
18 0.3080474025873763 0.8690079826616228 0.1342423488211364 0.07802085099579195
18 0.2568549757053501 0.915726726038201 0.13255251482874764 0.07484128729346082
18 0.1368488818271296 0.9566145877489479 0.2239415187830803 0.0867708245021042