18 0.22421875 0.68671875 0.246875 0.421875
18 0.528125 0.715625 0.1859375 0.49375
18 0.3609375 0.73515625 0.1734375 0.5078125
18 0.50703125 0.146875 0.1046875 0.27265625
18 0.63203125 0.15390625 0.14375 0.25
18 0.4015625 0.18125 0.11640625 0.23984375
18 0.31015625 0.2375 0.16953125 0.23046875
18 0.7515625 0.23828125 0.26015625 0.19765625
18 0.21796875 0.3265625 0.2109375 0.146875
18 0.83203125 0.3375 0.32265625 0.2140625
18 0.18046875 0.4109375 0.24296875 0.13125
18 0.784375 0.48359375 0.334375 0.28125
18 0.16640625 0.5234375 0.30703125 0.26875
18 0.70234375 0.64921875 0.3015625 0.4171875