18 0.55 0.63671875 0.0875 0.3359375
18 0.81796875 0.63671875 0.13515625 0.30234375
18 0.63125 0.640625 0.090625 0.33828125
18 0.44921875 0.6453125 0.10234375 0.31875
18 0.740625 0.64609375 0.115625 0.3046875
18 0.3609375 0.65390625 0.09453125 0.31875
18 0.2484375 0.65625 0.1109375 0.3359375
18 0.1671875 0.66875 0.1203125 0.35
18 0.59453125 0.38671875 0.084375 0.24296875
18 0.52890625 0.39140625 0.08125 0.25703125
18 0.73828125 0.39375 0.08984375 0.2171875
18 0.68359375 0.3953125 0.08125 0.2203125
18 0.296875 0.396875 0.090625 0.23984375
18 0.23203125 0.40078125 0.08984375 0.2203125
18 0.3796875 0.40390625 0.071875 0.2203125
18 0.4390625 0.4078125 0.07890625 0.22890625