18 0.1963850924321932 0.34249098526747296 0.3490114365775891 0.28006124648395864
18 0.16595689888928483 0.5106597231672245 0.33191379777856966 0.16297374043383428
18 0.7701502741716335 0.5078457361512358 0.36019258930724707 0.17703624043383429
18 0.7258479953736127 0.6650815192305272 0.3485564102692299 0.27224874648395847
18 0.17223787698599607 0.7034466659856322 0.3425794260542454 0.27689988504764
18 0.6237401928274814 0.7554888714934634 0.2634071365211195 0.33891809601642037
18 0.2972309007341066 0.7698842113615637 0.22681718913783797 0.35432492739850974
18 0.4469277928698337 0.8010336965308408 0.23297618387616606 0.3527987888348282
18 0.48950430282847995 0.2041132447354427 0.22414721544619703 0.36211924668035034
18 0.636523515996777 0.21419170580241884 0.29307922596954084 0.36564422247985345
18 0.3091118765624731 0.25748875049097936 0.23702664704446316 0.3418885599120669
18 0.7573904818664972 0.2978349318965096 0.3549128260824803 0.2472941982793567