18 0.643208760911596 0.46870048093234234 0.145556533611828 0.16423116950744615
18 0.29685768433358095 0.4885913071637269 0.17438718775644108 0.10594744355406327
18 0.6894563612156072 0.5506697327464408 0.17939302273741298 0.11392363466105593
18 0.26418178859192487 0.5865278101589518 0.18695085475263545 0.10794645317271012
18 0.7007214664625341 0.6548215194069297 0.18283635771838505 0.12184526206571747
18 0.2942751482874762 0.7124008293962454 0.21312603558899426 0.17595240870767306
18 0.6817406561961417 0.7633780638719669 0.18911553262324468 0.16107145317271013
18 0.3451147480971958 0.7921900223173365 0.18302204152049334 0.20298613466105592
18 0.6367730074887359 0.8468428390997103 0.15942271543676992 0.23648811542376222
18 0.43154167942784616 0.8646404303920374 0.13356055239490824 0.25274803248413774
18 0.5565735129259434 0.8697867765785059 0.11143088441013074 0.2457341406515056
18 0.4412523300752372 0.3945561088851582 0.09934737847863158 0.21722719473518967
18 0.55372049657714 0.39770344545297986 0.11121070851668761 0.20203870435383653
18 0.3529856675276671 0.41097722785229945 0.12718853558899426 0.17295140507947587