18 0.53125 0.1265625 0.178125 0.25234375
18 0.3609375 0.1578125 0.21171875 0.2453125
18 0.65859375 0.1765625 0.17578125 0.24296875
18 0.259375 0.24609375 0.21640625 0.22109375
18 0.771875 0.28828125 0.209375 0.209375
18 0.17890625 0.38125 0.24296875 0.178125
18 0.83671875 0.4265625 0.2546875 0.1390625
18 0.1265625 0.515625 0.24296875 0.16328125
18 0.86796875 0.546875 0.259375 0.14453125
18 0.84609375 0.6421875 0.240625 0.165625
18 0.17421875 0.64921875 0.240625 0.18046875
18 0.76328125 0.74375 0.19453125 0.22578125
18 0.2390625 0.76796875 0.22109375 0.2234375
18 0.35 0.8265625 0.1703125 0.24765625
18 0.65625 0.83515625 0.14453125 0.26953125
18 0.44140625 0.8640625 0.14453125 0.25
18 0.5421875 0.86640625 0.1296875 0.2640625