18 0.7018774362128511 0.33901287053083023 0.24642859981466553 0.215110351459402
18 0.18808526552427862 0.3894557865245939 0.26041668874473983 0.16850808684890542
18 0.7427082781381504 0.4233702796214397 0.2746974435540633 0.1750035486994584
18 0.449191401914615 0.5011099013766765 0.255292679126093 0.15592626623205455
18 0.18414675527265958 0.5246256732940691 0.2649950613400781 0.16546490746575646
18 0.47947661344002757 0.5516690089251585 0.270119070958725 0.17804672808260752
18 0.7465549860353659 0.5594577840856666 0.2719543894703792 0.1858865016215578
18 0.2000941590861911 0.6499802293004235 0.2686656983633867 0.1811444545436572
18 0.7396824487419049 0.6891043737772411 0.28899804573098165 0.22678423701106123
18 0.23588283694633977 0.744412067774182 0.2599653101589518 0.24501603977100467
18 0.11058024738329326 0.8180523449665802 0.19257940271722324 0.2828785040571898
18 0.6906149769648733 0.7734560543782061 0.25195440271722325 0.28391489853730273
18 0.32413431589494757 0.8139626830333017 0.22722722122887742 0.2912910219140972
18 0.5908406662577672 0.8100190714243347 0.19123515752654646 0.2891012305182393
18 0.44797111997863154 0.8270684293798537 0.1834772212288774 0.2905273628234877
18 0.8148485959320144 0.8647413478026588 0.30375002649368776 0.20205697240056467
18 0.19083578720864303 0.198762602677218 0.25115081614940155 0.17146944561520336
18 0.5421973905666876 0.2330377857105197 0.1710665012659444 0.2481489480508353
18 0.4180232805852211 0.2519769261334428 0.16314487386128268 0.24488758035608366
18 0.30928319764559653 0.27665755194586933 0.18641868275429002 0.24060918344033871
18 0.7897717950131913 0.23970439163414853 0.1692311827542902 0.240309174511885
18 0.6306770480084162 0.2736685142001642 0.20823911905195924 0.2394285129856435
18 0.22416166398033255 0.3189484176120262 0.2356547909216581 0.2196069366867496