18 0.17021913475305253 0.5230391526893626 0.27438289734428023 0.16568173337045272
18 0.23128896584055408 0.6807703840308623 0.26062037919390757 0.21708060136854393
18 0.8555084257877826 0.6599270081158128 0.2889831484244347 0.20181922803945263
18 0.7660821223582165 0.7588634001034043 0.2278351502711466 0.2213862933640897
18 0.3186622216942866 0.7942794480426343 0.24220672247985348 0.27467492536599847
18 0.5820843722600206 0.821561752745042 0.19548625858420704 0.3006919853596351
18 0.48689198770335984 0.16971689473263335 0.13411242134838536 0.22498291335136278
18 0.7166431202169171 0.1833270507638137 0.227916963502863 0.2354487933640895
18 0.3200317406302261 0.22402149204327074 0.1857021924256242 0.23027039735836247
18 0.2010277314568439 0.3132556200270442 0.25264425273047453 0.18886469470081657
18 0.8329680778660478 0.30498496944617665 0.2714669756031114 0.201582870703362
18 0.8698499334486337 0.47104632145126735 0.26030013310273253 0.16867946403563466