18 0.475 0.25546875 0.22734375 0.15859375
18 0.73203125 0.27421875 0.296875 0.1015625
18 0.471875 0.28515625 0.234375 0.09375
18 0.22421875 0.28515625 0.2671875 0.0890625
18 0.7578125 0.3375 0.3359375 0.09453125
18 0.2328125 0.3421875 0.2640625 0.07421875
18 0.76171875 0.3859375 0.31640625 0.096875
18 0.48359375 0.38671875 0.24375 0.10390625
18 0.21796875 0.390625 0.30703125 0.11171875
18 0.5015625 0.44921875 0.29296875 0.0890625
18 0.79453125 0.4515625 0.31015625 0.0890625
18 0.22734375 0.45234375 0.31328125 0.09140625
18 0.48359375 0.509375 0.32265625 0.11640625
18 0.775 0.509375 0.2765625 0.08671875
18 0.2171875 0.51328125 0.31328125 0.11875
18 0.52265625 0.60390625 0.309375 0.13125
18 0.19296875 0.60625 0.33671875 0.10703125
18 0.825 0.61015625 0.33046875 0.12421875
18 0.8296875 0.68359375 0.340625 0.14140625
18 0.50859375 0.6859375 0.28671875 0.13671875
18 0.1859375 0.68828125 0.3296875 0.14140625
18 0.2390625 0.24140625 0.23671875 0.08125