18 0.1734375 0.4328125 0.33125 0.14921875
18 0.82109375 0.52734375 0.3578125 0.22890625
18 0.20546875 0.6265625 0.303125 0.29296875
18 0.7640625 0.646875 0.32890625 0.25
18 0.3015625 0.7125 0.26484375 0.34765625
18 0.609375 0.7921875 0.17265625 0.38515625
18 0.4609375 0.7953125 0.1734375 0.3921875
18 0.41484375 0.16484375 0.11640625 0.3296875
18 0.53203125 0.17265625 0.128125 0.33203125
18 0.68671875 0.2265625 0.2015625 0.25625
18 0.77265625 0.3078125 0.25 0.25546875
18 0.21953125 0.315625 0.32578125 0.159375