18 0.4739959719802428 0.26967060662483383 0.14782186379145834 0.11542800542706697
18 0.20041365482590257 0.22795566089956237 0.14426175911805572 0.1636198439616777
18 0.27737554511850676 0.24841532507848507 0.13812086189159736 0.16797979534115867
18 0.5637481497919096 0.3119200616223594 0.11962412860909737 0.11082903663473136
18 0.6342600183330205 0.34064592718076314 0.1069059230620141 0.1007989393936934
18 0.3388572525654512 0.29544081128367516 0.13728440729444458 0.1320422953411587
18 0.3774833414712845 0.31623799016191895 0.118170731382639 0.11543464947960161
18 0.4588236072388539 0.35022456580623096 0.15283667211208343 0.12973616689245615
18 0.5455235202328816 0.38918524649349706 0.1274002610179167 0.10967597241038014
18 0.624647322569583 0.41758024140511435 0.1367752610179167 0.11016729534115868
18 0.19528778410059 0.3473640801668677 0.22340374525034737 0.144358588873295
18 0.34984734432107606 0.3945743521022781 0.19367987765916678 0.1412402329258297
18 0.46138360315479127 0.44187647727162016 0.1589775693385418 0.12537621551297526
18 0.5367284420606246 0.46459800429541315 0.17452983415618065 0.12307008706427265
18 0.6182505457840968 0.4907720799397251 0.1303434230620141 0.10202724672063965
18 0.15874891242534686 0.43853131275401325 0.182560539703264 0.13285452283992144
18 0.2591664865135413 0.45943803425988217 0.11962412860909737 0.11082903663473154
18 0.3334027670987496 0.4961811177061103 0.21057643692972236 0.12964099163225704
18 0.5643066217721524 0.5567788602428785 0.13048889342673622 0.10827724672063965
18 0.4637072097280551 0.5436846387370095 0.13524912860909738 0.11164790818602892
18 0.646573607904444 0.5845563794647554 0.1505104526972918 0.0968417797373263
18 0.6006240218484022 0.6431600955435574 0.08768314437666672 0.07950379353213641
18 0.6613251325057286 0.6565099445936177 0.12685474715020853 0.08623847241038014
18 0.5452825584175341 0.6347843515364511 0.10501611474138883 0.08665455223856355
18 0.3039496968102773 0.5853730924913396 0.08946384992375007 0.08896068068726617
18 0.13416452688239539 0.5537911425821967 0.18241506933854174 0.12660452283992144
18 0.23690766717499953 0.5756019448207603 0.10665134992375007 0.08986143939369348
18 0.42760474914697866 0.616101871324155 0.09556837955902786 0.08303822930778501
18 0.369229204694062 0.6036561030067892 0.10345361474138892 0.0865726650834338
18 0.48209222739548563 0.6275616717536963 0.08277743882958326 0.06988313206674697
18 0.6660652242613535 0.7553159367917015 0.1175524823325695 0.0888721494796016
18 0.5832527242613536 0.7509759175698247 0.13782861474138883 0.08837418249628844
18 0.4925549890789925 0.7493514625722991 0.1061422036472223 0.06798643939369349
18 0.4169192094437147 0.7391299355485061 0.08902743882958344 0.07021068068726599
18 0.3412834298084369 0.7289084085247132 0.10948540919430556 0.07752521370395282
18 0.2716612608304855 0.7291706801214393 0.12678201196784727 0.08311347241038014
18 0.15471015017315912 0.7128728934867079 0.13939111474138896 0.0884560696514182
18 0.6693155511993396 0.8509150418346557 0.13873780452090295 0.12743668249628826
18 0.21978451671749996 0.0678370324508599 0.13543096656500006 0.1194604081860289
18 0.5589034216403117 0.9210832021704208 0.23942878875333343 0.1578335956591584
18 0.13520361607256914 0.8340961182719372 0.2704072321451383 0.19944223654387444
18 0.42925228923149233 0.9091508895857497 0.20581750816812505 0.18169822082850046
18 0.2884636350711798 0.908532874264831 0.26984364057694454 0.1829342514703381
18 0.2898606273748263 0.08167820443169872 0.11715374525034736 0.13879026232447186
18 0.3422582755512152 0.11571236770611029 0.11660823138263901 0.11535276232447189
18 0.400451982048229 0.13597063602347598 0.08477634992375016 0.08871501922187686
18 0.46578538810840264 0.18554459011649044 0.152545731382639 0.11723616689245615
18 0.24421951263343739 0.16063536408806567 0.20003898043270843 0.1462552815463487
18 0.5507591469421179 0.2314546336486268 0.12750936379145833 0.11436347241038014
18 0.6280658761405553 0.27070524140511437 0.1206774823325695 0.08903592378986111
18 0.3820636983288887 0.2202670708946136 0.14378898043270852 0.1433073439616777