18 0.23755880212420633 0.3282006866867496 0.3602916084715548 0.30613654626382647
18 0.19628424742621053 0.49302111728771464 0.3663022645814764 0.1906751874975285
18 0.8139634924116457 0.5475305284036237 0.3682739415410808 0.20476496103647895
18 0.7723479569139797 0.7006322090045887 0.358547252045064 0.2998592727248761
18 0.21991327870073435 0.6878660129856435 0.35395068025830945 0.30290245210802524
18 0.6716325545649818 0.7816446554338662 0.27750785220334856 0.3593512751605081
18 0.3455557878719343 0.7658018725627204 0.24037156505633012 0.37119671022570006
18 0.4960020687507468 0.8105939955324779 0.2465761009497074 0.3697433043815014
18 0.5279217261808167 0.21692186200941355 0.2389909214828208 0.3774194366867497
18 0.6754104916202228 0.2405793246707455 0.3080137061225569 0.38799447240056456
18 0.34861231089969497 0.2536155182606493 0.2509453522033486 0.35888762499835236
18 0.7976468559642723 0.3356345004004465 0.3656323263391011 0.2749956404196278