18 0.45751377035353064 0.3021899163425853 0.21705246042459247 0.24308534500534212
18 0.6233125107425922 0.33773056834201826 0.26705246042459263 0.24483138347992953
18 0.2928813822938897 0.33367307323615963 0.27979812188998177 0.24995539309857637
18 0.7103001763918529 0.4337300599044978 0.31130707146044045 0.1964682945498552
18 0.2154756772963641 0.4268352853945444 0.31714763568479176 0.18887404935917865
18 0.40764548790267074 0.5246204770496912 0.1663907191310198 0.25847224282842396
18 0.6998020104039079 0.5596477191603249 0.3113137155129751 0.16683535825218598
18 0.5003718984635488 0.5408779049098399 0.16178510628614956 0.25987105172143143
18 0.18231793928215173 0.5387276501853344 0.30571881275401325 0.17911710344286255
18 0.6917261595448252 0.6691045647138212 0.32989329715018095 0.1939980589778255
18 0.2043014026474203 0.654933003543379 0.30850297602842475 0.23224210344286256
18 0.6064194233396352 0.7344691590861911 0.28843613749381414 0.2362202753125615
18 0.30497975407232986 0.7426562036360463 0.23579581637205776 0.2733730457309814
18 0.48845731739216997 0.76822165490984 0.24237336499257686 0.27984130054030487