18 0.43671875 0.31640625 0.13828125 0.05859375
18 0.42578125 0.0375 0.1875 0.07421875
18 0.43046875 0.4328125 0.13984375 0.059375
18 0.4265625 0.5421875 0.13828125 0.06328125
18 0.42578125 0.63984375 0.125 0.07421875
18 0.56796875 0.7046875 0.10078125 0.07578125
18 0.44296875 0.72421875 0.1265625 0.07265625
18 0.71796875 0.72890625 0.0578125 0.0765625
18 0.76171875 0.73359375 0.05625 0.078125
18 0.60859375 0.7703125 0.0796875 0.0890625
18 0.64609375 0.77265625 0.07421875 0.0921875
18 0.2921875 0.78359375 0.096875 0.10625
18 0.33515625 0.78515625 0.0953125 0.11640625
18 0.39765625 0.7953125 0.078125 0.1078125
18 0.44296875 0.8078125 0.09609375 0.10703125
18 0.40234375 0.89921875 0.1078125 0.13125
18 0.45234375 0.91015625 0.11328125 0.13125
18 0.41953125 0.18203125 0.165625 0.0640625