18 0.865494374823532 0.39990275045428525 0.26901125035293594 0.16177846223361483
18 0.19017257580013164 0.5338759537543302 0.2656991366622937 0.20241010628614955
18 0.8460347099021766 0.6139143407979183 0.2634687787274338 0.24435194482076028
18 0.26062012564483983 0.6939636047042699 0.250407336605824 0.26080246042459265
18 0.7437427097610023 0.7681658288121307 0.2590990681193855 0.32979812188998175
18 0.40954972028434594 0.7888146800098975 0.19183597340929204 0.29823386137453217
18 0.5451910886719625 0.8169695782463038 0.1724335260260105 0.3127943283578453
18 0.6095177551204974 0.13332267582602605 0.1839324681476203 0.2666453516520521
18 0.4058922261813024 0.13325847806458968 0.18990945236260473 0.26651695612917936
18 0.7799128260824804 0.2051877939864216 0.25187883134415223 0.2593218475797222
18 0.26365849452656664 0.2079508616016748 0.24426375241907436 0.23555679895920328
18 0.18352992072198643 0.33909904228894094 0.28426712613895 0.20026775214770662