18 0.7234375 0.3515625 0.10703125 0.0546875
18 0.59609375 0.5390625 0.05859375 0.08203125
18 0.7140625 0.5578125 0.09375 0.071875
18 0.6015625 0.659375 0.0609375 0.059375
18 0.6421875 0.6609375 0.06328125 0.05625
18 0.18203125 0.68203125 0.08984375 0.07578125
18 0.0953125 0.7140625 0.0890625 0.07109375
18 0.275 0.71796875 0.11171875 0.06953125
18 0.71875 0.72421875 0.07109375 0.05625
18 0.58828125 0.746875 0.075 0.07421875
18 0.6734375 0.7515625 0.04140625 0.0703125
18 0.18671875 0.75390625 0.125 0.08203125
18 0.0828125 0.8015625 0.165625 0.10703125
18 0.38046875 0.8109375 0.09453125 0.0453125
18 0.3125 0.8421875 0.1265625 0.06328125
18 0.259375 0.8859375 0.125 0.0609375
18 0.1359375 0.94375 0.21171875 0.10625