18 0.5880682701359724 0.23905002088175617 0.07808993882958344 0.06829862141421188
18 0.7496785705728127 0.262336209541678 0.07638196846486114 0.061994057711881115
18 0.8101257613022572 0.2727355070019401 0.07318423328249998 0.0587599303072194
18 0.7390515015186114 0.3432414691603249 0.07194904160312507 0.07276786660488854
18 0.8026236922480559 0.35353163921592523 0.0748922036472223 0.06506449400955017
18 0.5681571200597226 0.32418891271438816 0.08597517401194459 0.07169643992586625
18 0.47794969414791694 0.31170132559841235 0.08433993882958343 0.0685168762235353
18 0.6364349945847573 0.33509664166299596 0.07500130642076393 0.06975199400955026
18 0.40505705480524334 0.30408228775679713 0.07979790919430556 0.07460318511654282
18 0.46901241166284746 0.39802077151472837 0.0797251740119446 0.07147818511654283
18 0.7286971893982643 0.43586547877897175 0.07336607123840277 0.0665724303072194
18 0.7867642625365282 0.44478412179273014 0.07496493882958344 0.06818949400955035
18 0.39063283852458364 0.3898114566312712 0.09077177678548623 0.07654763103285873
18 0.6338568148732295 0.4258853327699885 0.08426720364722229 0.0653918762235353
18 0.5617999769173267 0.42058276307720793 0.09520470364722229 0.06577382213985139
18 0.4514813791777782 0.484640317793864 0.08601154160312507 0.07325893992586607
18 0.6279899810013894 0.5097519012816428 0.07194904160312507 0.07276786660488846
18 0.7692332300514588 0.5314036680718658 0.09858427678548623 0.07682044954451292
18 0.704916156913195 0.5227032798674308 0.05937630642076393 0.0692063569862416
18 0.3762813574262851 0.47866562550574515 0.09549564437666672 0.07827382213985139
18 0.5512638268410768 0.5053942726958548 0.10323540919430556 0.07542164065150558
18 0.7672180947928477 0.6127900773276929 0.10025587955902786 0.08156251324684387
18 0.545287890195695 0.5845733412075089 0.10497974715020852 0.08328870435383635
18 0.4417446628971186 0.5702057955613455 0.0830320119678472 0.07939981252120454
18 0.6967055730413547 0.6066516939325813 0.06893314437666671 0.07734623920022692
18 0.3766827073500352 0.5630951892080761 0.087828614741389 0.0842510036281972
18 0.6120941836986811 0.5994418838584477 0.06548083605604163 0.06317461179556502
18 0.42655738041204916 0.6567434962869849 0.0703501740119444 0.07115080290255768
18 0.7544472974901395 0.7023709324998361 0.07202177678548623 0.07589286660488845
18 0.6885677243518756 0.693725107997732 0.0814695119678472 0.07934524881887377
18 0.3560266748649658 0.6498238628918734 0.08939111474138901 0.08430556733052796
18 0.7901184665650002 0.08499989402524866 0.07485583605604162 0.06350199400955021
18 0.5231239090973965 0.6737003285936373 0.08779224715020853 0.08268850362819702
18 0.5905841660312505 0.6830728393934106 0.07511040919430556 0.07443949400955034
18 0.8498025910900349 0.09620772333667614 0.06042966014423641 0.04738592068857252
18 0.6757650258355556 0.07648304429540113 0.06820579255305556 0.046096239200226784
18 0.4545797036472223 0.04667652632405181 0.06816942496187509 0.044533739200226796
18 0.6122655702884723 0.0693178742398008 0.05879442496187508 0.044206356986241646
18 0.7447833163918409 0.7910614102673174 0.08306837955902786 0.08096231252120453
18 0.5228212105810764 0.05602175527265958 0.07441942496187508 0.04475199400955023
18 0.3384592747887159 0.7348809091710091 0.08310474715020835 0.08252481252120454
18 0.6789946622315284 0.7863218357652133 0.08154224715020852 0.08247024881887377
18 0.41540363449611173 0.7486135377567973 0.09564111474138884 0.08452382213985139
18 0.5088087955902785 0.7641169974681112 0.08764677678548623 0.0764385036281972
18 0.5778497363197228 0.7742161945655537 0.07994337955902786 0.08085318511654283
18 0.7367727542714938 0.883603574332468 0.07994337955902786 0.08085318511654264
18 0.6708931811332299 0.874957749830364 0.09258884992375016 0.0875396947351895
18 0.5713107552214243 0.8627975449283734 0.0831774823325695 0.08564981252120454
18 0.3956015871934035 0.8384399295894293 0.08473998233256949 0.0857043762235353
18 0.3305214478507299 0.8305480732361596 0.07685474715020835 0.08230655771188111
18 0.49839993208316047 0.8543972570867581 0.10359908510611113 0.09104664065150558
18 0.7639936840799307 0.17191954066720405 0.0670797036472223 0.06479167549789597
18 0.8275658748093753 0.1822097107228044 0.060793336056041626 0.06301092068857254
18 0.43933786977538203 0.1308704770496912 0.08415810087368066 0.060704376223535396
18 0.6652834271460766 0.163638303914048 0.07318423328249998 0.058759930307219356
18 0.5083969943004167 0.14175092414713358 0.0762728656913195 0.05730655771188111
18 0.5994038540078126 0.15499247941194394 0.06995013050895835 0.053963302902557686
18 0.6515495418874655 0.24543394093735654 0.08288654160312489 0.07314981252120453
18 0.4923011752462155 0.22284715672393843 0.09066267401194458 0.07186013103285874
18 0.4162471683123613 0.21377474628698492 0.07968880642076392 0.06991568511654282