18 0.8515521547289934 0.4563135772609841 0.28455945079743084 0.16021081893687777
18 0.1799713615103477 0.5934762970376527 0.2574163757593057 0.20059598704319015
18 0.8385839485163199 0.6700058374400168 0.2521483007211806 0.24238296884459273
18 0.26325925303722286 0.7532704040697681 0.23692334422416686 0.2585691733480996
18 0.7509235604079173 0.8250857587855316 0.2432473858272921 0.32918206199704764
18 0.41991060296097293 0.8475582294850508 0.17696776918604193 0.29685162091177586
18 0.5578470140551396 0.8593754557355119 0.15705531268902817 0.2812490885289762
18 0.5595412670018404 0.17705236967515833 0.16908253400368078 0.2932259731635294
18 0.35832425911805565 0.1789794077703959 0.1752961664125002 0.2920639913621267
18 0.7370317937873265 0.26175444401070697 0.24004834422416685 0.2587694324473982
18 0.22464154977125023 0.26714313695090497 0.2332528303564585 0.23493141424880087
18 0.15594871399954893 0.3992559276670362 0.27456750816812514 0.20013491208933248