18 0.5450893330244425 0.3205297057698995 0.14021331614940155 0.175013952503779
18 0.8928671233131287 0.39343179557125674 0.1939732332097769 0.1516366366622937
18 0.18287702050323806 0.26021091595442475 0.18777779691210789 0.1528351156156063
18 0.6379142392850448 0.3558308979620963 0.18062006134007813 0.17113008930724707
18 0.44910471042910427 0.3292515293627182 0.17447918874473983 0.17389106826055975
18 0.6504812158714 0.44669111639206516 0.20512898801910034 0.15852367349399668
18 0.14488100189891656 0.3602788053887288 0.19704366950744617 0.15025614718563746
18 0.3963641455456471 0.41060721615206885 0.19559029691210786 0.15329014192396553
18 0.881552655797266 0.5177793481879752 0.19230160580511538 0.14842063140062187
18 0.6140749791182438 0.5474492505646974 0.1984623257680484 0.19088114718563745
18 0.41162953619715265 0.51148717668953 0.1890873257680484 0.1903351156156063
18 0.13259431142489617 0.4792031106362832 0.2052381154237622 0.16164867349399667
18 0.5039732928205747 0.5554276215125628 0.15191470798203355 0.19752598933548207
18 0.8565204286627569 0.6304004455289045 0.20912700725639405 0.18370568401734033
18 0.15790682467174008 0.5763665369728773 0.21203375244707073 0.17763769454068418
18 0.7891270867374576 0.7180894323041376 0.21096232576804858 0.19160918927901224
18 0.20552092385343346 0.6620541370152295 0.20994546279135698 0.20714318401734033
18 0.7206424707655413 0.7745284190793709 0.18069447241000383 0.21791408404557533
18 0.28055069490482565 0.7257911423474886 0.1760615361123347 0.21920356826055976
18 0.6151836444493387 0.8033730268730567 0.17460816351699648 0.22223756299888783
18 0.3861757015282476 0.7689580424463106 0.15240578130301125 0.21158848933548208
18 0.4966419755748648 0.7938376741292812 0.16194447241000381 0.21682202090551322
18 0.5090352380191004 0.11752580311082868 0.13519843393541642 0.16536593671876348
18 0.6099355391075596 0.13748271636383033 0.1272768065307547 0.16178591041040424
18 0.6994990361123347 0.16905966907937087 0.14769843393541643 0.16609397881213822
18 0.40410220135861163 0.11659190564284257 0.12905756134007812 0.1681269156720761
18 0.7812326749497418 0.22301215073410657 0.16159724282842375 0.16222552616718494
18 0.32216272059590534 0.14641518451145058 0.150605179126093 0.16002598933548198
18 0.8531101641499685 0.2861499165897093 0.17667660580511538 0.14751057878390342
18 0.2398512176006804 0.1880027160108945 0.17409724282842384 0.16295356826055968