18 0.5578430947928478 0.6580233865599724 0.11261563487736126 0.3442807680561673
18 0.8253579031134727 0.6814162796585487 0.15876328305375012 0.314667679126093
18 0.6385118665443408 0.6694271672300115 0.11577700246854192 0.345952395460829
18 0.45635332997520894 0.6576017459084668 0.12627809137437537 0.3275843413771451
18 0.7481414396826047 0.6841841263931714 0.13848715064493078 0.31552085099579197
18 0.3681629989531603 0.6584251467267734 0.11846559137437529 0.3273115228654909
18 0.2555902637707992 0.6513715601589518 0.13608950246854193 0.34666172359113023
18 0.17374085172670192 0.6563194657865818 0.147354310789167 0.3611061695074461
18 0.6091282653863198 0.41313996169504863 0.10262107940652801 0.2502579495445131
18 0.5435214491819101 0.41162953619715276 0.1013858877271531 0.26426588584218214
18 0.7532055737069447 0.4322223223094873 0.10516419794763916 0.22536707694917482
18 0.6984817061157642 0.42875009272790743 0.0974244331300003 0.22821925843752044
18 0.31134472881718783 0.3972768264010206 0.10883471181534743 0.24891370435383653
18 0.24650097881718783 0.3950124327542901 0.10679943313000022 0.2285466406515056
18 0.3944118019554518 0.411106202624556 0.08801306553881964 0.2263293762235353
18 0.4531692061157642 0.42018359146196305 0.09604377108590292 0.2359771947351897