18 0.21640625 0.34375 0.33203125 0.27734375
18 0.18203125 0.51171875 0.35 0.16015625
18 0.8 0.5125 0.3515625 0.175
18 0.76484375 0.66953125 0.33203125 0.27109375
18 0.21328125 0.7046875 0.32578125 0.27421875
18 0.66796875 0.759375 0.24375 0.3390625
18 0.3421875 0.771875 0.20625 0.35390625
18 0.49375 0.80390625 0.2125 0.35078125
18 0.5015625 0.20703125 0.2046875 0.36015625
18 0.64921875 0.21796875 0.271875 0.3640625
18 0.32421875 0.259375 0.21796875 0.340625
18 0.775 0.30234375 0.34140625 0.24453125