18 0.3833308220550333 0.24719858254669508 0.07682542794496676 0.23405134783255316
18 0.7222197072642433 0.2883899042189752 0.10293654935917865 0.3115688527754691
18 0.43173111652007046 0.2726415929268184 0.08194943756361361 0.24674234882113638
18 0.7804042294967619 0.3024961665762649 0.08594745680090732 0.27186968281352525
18 0.5028273226031874 0.4546993592384408 0.08852681977759858 0.256372016805914
18 0.3731398226031875 0.4494149985543062 0.11445440271722314 0.28395318874502423
18 0.565163631496195 0.4619335390862164 0.09557542794496676 0.2348153517868859
18 0.4356571807705555 0.4738685119001792 0.0931250397405318 0.29868685079830276
18 0.6963937841286001 0.5126577337627397 0.08665678493120836 0.29218218281352504
18 0.6329488430216076 0.5147667204168669 0.09065480416850207 0.317309516805914
18 0.7663689782308176 0.5475858320895846 0.10213794119181063 0.33338018577927464
18 0.8347271086307042 0.584012763420235 0.11189488710812653 0.3446996877564409
18 0.9047395082678843 0.5954715282489825 0.11065976932211186 0.3540110207602467
18 0.1616665761465666 0.6802007890490354 0.10802584264308938 0.36794618676785795
18 0.09522312061160373 0.700964275208871 0.11696433302444256 0.3558281887450242
18 0.2962672654394606 0.7240210677179475 0.11347723447572138 0.3900121877564409
18 0.5077950424813026 0.7381166957022874 0.09596235226173633 0.37993685079830275
18 0.2335762924813026 0.7269431378701718 0.11649310707105967 0.38701452174882967
18 0.3701586332254755 0.736420250037181 0.10377485226173624 0.38025518577927464
18 0.43807281952314464 0.7407522643716371 0.09768854336872881 0.38468801779449713
18 0.5797692462021669 0.7606084610253268 0.10399310707105976 0.3865051857792746
18 0.7326115040067152 0.7973484101504743 0.09500005298737565 0.39706068380210835
18 0.6574205310485572 0.7997611443331435 0.1035565974524129 0.37400518577927466