18 0.35972245860743746 0.5021620888981235 0.176246674511885 0.16800453657757758
18 0.5555258823085436 0.4660787143738247 0.17991714529089187 0.1993818705699663
18 0.16382753165992045 0.5882136299243254 0.174602353895034 0.163253369581383
18 0.5617428802799488 0.5571666293928527 0.17958986282348768 0.18063187056996632
18 0.19319565747234702 0.6947527900004375 0.18276940990138843 0.18388420456235507
18 0.5569269208650276 0.6541689633852414 0.1950433133099551 0.2608923735357157
18 0.23088084375535484 0.7720673650955778 0.1866035219140972 0.22463653855474383
18 0.5196666542259362 0.7314145542977124 0.16066831330995512 0.25949169961943924
18 0.290945590508944 0.8195843522439965 0.16987967207625304 0.2504987015966055
18 0.416109231742646 0.8051159925484452 0.1296365016215578 0.2707183596955513
18 0.34763592127206466 0.8367917568829011 0.15830697240056466 0.30311436562705013
18 0.49411150081736943 0.8089638927387256 0.16132287824476316 0.2969916996194392
18 0.29615443100800204 0.20808843673067684 0.1305444366867496 0.2332820266917457
18 0.2427294220795483 0.22744061460128612 0.13377853084255104 0.23965936068413446
18 0.35014250162485305 0.20120442536197033 0.10869671022570007 0.23395318874502422
18 0.4172072706995765 0.20549799452561152 0.12870920129724617 0.21759335969555132
18 0.19579019237208778 0.2777562909890207 0.13361488960884899 0.23028436068413444
18 0.46478565422264084 0.2527430676435854 0.1440887394466932 0.20416752965749527
18 0.16584754789197484 0.33830913041861693 0.15694329545304758 0.22498936562705038
18 0.5071952966741589 0.28302347524823956 0.15768758928453738 0.17817803262324478
18 0.13807137540868472 0.4089227193539216 0.16914328652459387 0.2083112015966055
18 0.33006796063603233 0.4120291788220114 0.16333757142762995 0.14405770060802237
18 0.5298867284929398 0.3695366368072265 0.17185918344033874 0.18500103558899425
18 0.14746792045799054 0.49675830038056085 0.1716682686676864 0.17406353558899426