18 0.35429464181121556 0.36846332547394745 0.17972648043270842 0.14416103060296193
18 0.5356173769935767 0.3800301798982269 0.18924695079743065 0.15084767824559703
18 0.1662315973582989 0.3690689853176916 0.17449346656500012 0.12050520678164434
18 0.7123798987450698 0.39684746050118874 0.19219011284152784 0.14318072745980875
18 0.8976410056511286 0.4109763887467858 0.20471798869774283 0.1469606989237615
18 0.16565232874093788 0.47829843610347994 0.1969139804327084 0.14496155128112634
18 0.538708622243924 0.5128426798982268 0.18772081838861113 0.15233740363849116
18 0.9030474187873265 0.5430804133538916 0.19390516242534694 0.1526285020669146
18 0.352317180564549 0.518208614349077 0.17714568787965276 0.10033825599585597
18 0.722756967133681 0.5409249462331651 0.19360714247680572 0.1370035020669146
18 0.1705970147207297 0.6236837107105858 0.184123039703264 0.13187935442427942
18 0.3410913526766325 0.6394286428851241 0.18724803970326392 0.13202490363849115
18 0.5301720364722227 0.6490156203449329 0.19084581838861112 0.15248295285270289
18 0.7241220582237158 0.6666334216260592 0.19422539152687507 0.1635660020669146
18 0.9073368349154863 0.6954969379609974 0.18532633016902728 0.12264990363849115
18 0.15982578172257006 0.764434989246633 0.19367987765916678 0.1401285020669146
18 0.5411848844961117 0.7868794933804623 0.19731402393569458 0.16214905128112633
18 0.34198431829170206 0.7783819809744654 0.195387848023889 0.14645127667402047
18 0.7291940307726396 0.8174874462331652 0.19985714247680555 0.13729460049533806
18 0.9195202515186114 0.8377400959427149 0.16095949696277714 0.1239213052100677
18 0.15426872558614657 0.8945034789075507 0.1955696859797918 0.15426377667402064
18 0.5404426149288202 0.914402910048632 0.2088334053945836 0.1711941799027361
18 0.34144207047590347 0.9227312944567008 0.19077308320625014 0.14935795285270287
18 0.7469835556582647 0.9333776960282772 0.19873105357097245 0.13324460794344545
18 0.9176135658231601 0.9400879224546287 0.16477286835367977 0.11982415509074258
18 0.5331619113785072 0.24100406720177983 0.18165265634451408 0.1598588052100677
18 0.17491365349472243 0.23914604487098554 0.17700152393569457 0.1612029813887501
18 0.3742233224726738 0.25233105727698235 0.20309124525034736 0.1421276497095497
18 0.7017307266329864 0.27460858746565947 0.1917537017473613 0.12443072745980874
18 0.8798557266329862 0.2829048926757272 0.20127417211208326 0.13111737510244392