18 0.34609375 0.35234375 0.17734375 0.1359375
18 0.52734375 0.35546875 0.18515625 0.1421875
18 0.1578125 0.36171875 0.17265625 0.1125
18 0.70390625 0.3640625 0.1890625 0.1359375
18 0.88984375 0.36953125 0.203125 0.1375
18 0.1546875 0.47109375 0.19296875 0.1359375
18 0.52734375 0.48828125 0.184375 0.14375
18 0.89140625 0.5015625 0.190625 0.14375
18 0.340625 0.50234375 0.1734375 0.09296875
18 0.7109375 0.5078125 0.19140625 0.12890625
18 0.15625 0.61640625 0.1796875 0.12265625
18 0.3265625 0.62421875 0.184375 0.12421875
18 0.515625 0.625 0.1890625 0.1453125
18 0.709375 0.63359375 0.19140625 0.15546875
18 0.89296875 0.65390625 0.184375 0.1140625
18 0.1421875 0.7578125 0.18984375 0.13046875
18 0.5234375 0.7625 0.19375 0.15234375
18 0.32421875 0.76328125 0.19296875 0.1375
18 0.7109375 0.784375 0.1953125 0.12734375
18 0.9109375 0.7953125 0.178125 0.115625
18 0.13359375 0.88828125 0.19140625 0.1453125
18 0.51953125 0.8984375 0.20390625 0.1765625
18 0.3203125 0.9078125 0.18828125 0.1421875
18 0.72578125 0.9109375 0.1953125 0.1484375
18 0.9078125 0.92109375 0.184375 0.1578125
18 0.528125 0.21640625 0.17890625 0.15234375
18 0.16953125 0.23125 0.1734375 0.15234375
18 0.36875 0.23515625 0.20078125 0.13203125
18 0.69609375 0.2421875 0.18984375 0.1171875
18 0.87421875 0.2421875 0.19921875 0.1203125