18 0.3934301846355924 0.24735461290133487 0.07458401869827132 0.23616013192686944
18 0.7328830359643652 0.29677683994685883 0.10047490404199806 0.31388702564056314
18 0.442367123965638 0.27386576302516935 0.0809612880330894 0.2473887303552928
18 0.790540994629229 0.31275075040977557 0.084395370703362 0.2740967795695046
18 0.5144768392743664 0.4585725568626976 0.08733855736790748 0.25861732878371624
18 0.3848166112746845 0.45018851447291136 0.11264764003818009 0.2863442224974101
18 0.5769132046069573 0.46695229114693193 0.09489651869827131 0.23710620181924558
18 0.44705298193827553 0.4757557487571457 0.09249877204008908 0.29946065260503385
18 0.7083899239338212 0.5207579954473769 0.08461354670590726 0.29284677956950456
18 0.6450632205999576 0.5217168738595896 0.08959194804263433 0.3180651033908221
18 0.7775302752625942 0.5575902154635874 0.10072944271163423 0.3357620256405632
18 0.8466615359245944 0.5952036854797982 0.1086692120464523 0.3470633986760925
18 0.9160746072565491 0.6085984054960087 0.1087783000477252 0.3564383986760925
18 0.17426782057609508 0.6756657417278323 0.10581693204963409 0.37035534946188076
18 0.10760703190645886 0.6944478209258335 0.11504648138127052 0.3582919971045159
18 0.3097326059039135 0.722622132546042 0.11075897071927035 0.3924486732831983
18 0.5205701085694135 0.7410404545053326 0.09502488271799762 0.3823459272121397
18 0.24640590257004988 0.7235810109582548 0.11541010805217944 0.38954199710451576
18 0.3830519272358681 0.7361987890800172 0.10127488271799763 0.3826370256405632
18 0.4509843145687772 0.742489484489122 0.09506124538508853 0.3854709272121397
18 0.5921905698997774 0.7662630864322022 0.1013294267186339 0.3873245256405632
18 0.745715011895323 0.8036474044648061 0.09364419605345216 0.3927051910703877
18 0.6706695585614594 0.806656954091048 0.10120215738381581 0.37638702564056314