18 0.44864731990722273 0.4997927821989606 0.08256184612402784 0.19289820533113405
18 0.5288075985925699 0.5177866127612039 0.08085387575930572 0.18660274122451134
18 0.48959962822784764 0.5126732154267709 0.08099934612402784 0.19285274122451135
18 0.40718651852045185 0.4986538310244617 0.08575958130638899 0.1961141335443795
18 0.32477340881305594 0.4846344466221525 0.1122857137152085 0.19532452335696499
18 0.35475184954250044 0.4962706285963215 0.11958906743868063 0.17367684389007837
18 0.30887891793111166 0.641452747954936 0.15799825721819455 0.2138304824490227
18 0.32505008500920196 0.6980520889420205 0.17391419794763915 0.22678512351524951
18 0.6025288540078126 0.15836849716351314 0.1067604526972918 0.09210859514371963
18 0.5963158748093752 0.1937293356433152 0.11351959897381966 0.11416545157021037
18 0.4648658530578821 0.18895457059962043 0.13455945079743065 0.1460064849563052
18 0.31740897159899323 0.16822819662215244 0.07732883225631956 0.169324313011266
18 0.35209309612402795 0.18050923627645346 0.08677656743868072 0.17272209765100213
18 0.5735161140757989 0.2889880113492781 0.12452983415618064 0.11760870031656907
18 0.43663370991548633 0.28593487067876266 0.1460060970739585 0.16819973370266394
18 0.304056946047778 0.2663390876883792 0.1355037017473612 0.11948944906292791
18 0.5654321635627086 0.3447295459890142 0.13594011284152785 0.1382394490629279
18 0.2893593196228822 0.30663747875460606 0.15221972948277793 0.16681909012915472
18 0.6275704472820489 0.4281354278840409 0.12921733415618064 0.11774509263643722
18 0.624319467133681 0.489990570203909 0.15814242116215294 0.15293844655564542
18 0.2067124334143406 0.41692777256554214 0.20349259517409735 0.2229614415410804
18 0.7814786569131948 0.5245066595416409 0.18143575721819474 0.2145124440483631