26 0.39844618055555553 0.6884664351851852 0.5536588541666667 0.34298032407407414
26 0.8143077256944444 0.6322974537037036 0.3713823784722222 0.31455439814814806
26 0.8452322048611111 0.2882783564814815 0.30953342013888885 0.30649594907407407
26 0.8322113715277778 0.07951967592592592 0.33557508680555553 0.15903645833333332
26 0.5151193576388889 0.2332986111111111 0.30511935763888887 0.4395920138888889
26 0.3649088541666667 0.055844907407407406 0.5444878472222222 0.11168981481481481
26 0.3659396701388889 0.16919560185185187 0.26240451388888886 0.20143229166666668
26 0.2755099826388889 0.27597222222222223 0.3332834201388889 0.4178790509259259
26 0.12434895833333333 0.6475694444444444 0.24869791666666666 0.6927083333333334
26 0.08148871527777778 0.23958333333333334 0.16297743055555555 0.4791666666666667
26 0.40085720486111115 0.8800144675925926 0.4472591145833334 0.23996817129629627
26 0.8479144965277778 0.8980989583333333 0.2992513020833333 0.2037991898148148